7
17
26
35
46
55
63
72
82
94
106
117
127
137
146
156
165
173
183
209
434
451
484
497
509
519
528
537
548
561
572
581
591
600
609
622
639
1211
1227
1238
1247
1256
1265
1273
1282
1294
1306
1316
1325
1333
1343
1352
1361
1489
2034
2047
2057
2066
2074
2082
2090
2099
2109
2120
2129
2139
2148
2159
2170
2182
2687
2706
2717
2727
2736
2746
2759
2774
2782
2791
2800
2808
2818
2840
3361
3378
3390
3400
3411
3421
3431
3445
3455
3464
3472
3481
3490
3588
3970
3980
3990
3999
4008
4016
4026
4034
4043
4052
4064
4076
4086
4096
4105
4115
4126
4146
4916
4940
4949
4958
4966
4973
4982
4993
5007
5019
5029
5038
5045
5054
5063
5078
5097
5129
5351
5621
5637
5646
5655
5665
5676
5688
5701
5713
5724
5735
5746
5763
5829
5961
6648
6670
6681
6692
6700
6708
6716
6726
6738
6750
6759
6768
6778
6789
6797
6807
6819
6833
6916
7446
7458
7468
7478
7487
7498
7512
7523
7533
7542
7550
7560
7571
7583
7644
7813
7975
7985
7994
8004
8012
8020
8031
8041
8050
8059
8069
8079
8095
8124