12
34
45
55
65
76
87
101
113
125
136
146
155
166
181
254
431
485
499
508
519
528
539
560
592
606
619
672
1158
1238
1250
1260
1270
1285
1297
1308
1320
1332
1343
1370
1571
1918
2023
2049
2059
2070
2079
2088
2097
2108
2120
2132
2143
2157
2177
2443
2483
2579
2654
2706
2716
2725
2734
2745
2763
2776
2789
2803
2830
2851
3170
3188
3236
3375
3392
3403
3414
3426
3438
3449
3461
3474
3497
3684
3980
3994
4008
4021
4031
4043
4061
4078
4092
4102
4116
4128
4145
4199
4435
4656
4923
4943
4954
4965
4975
4985
4994
5004
5016
5031
5055
5072
5332
5625
5638
5649
5660
5672
5687
5708
5721
5738
5769
5851
6014
6161
6387
6563
6655
6673
6690
6706
6720
6745
6765
6777
6790
6812
6831
6847
6886
6987
7121
7265
7453
7469
7481
7492
7501
7511
7523
7533
7544
7560
7579
7594
7873
7963
7976
7987
7997
8009
8029
8048
8062
8074
8093
8111