13
24
34
43
52
61
70
80
91
107
118
128
136
145
154
163
172
181
191
435
456
489
500
510
519
527
536
545
555
565
574
583
592
601
610
620
630
785
1228
1239
1249
1258
1267
1277
1286
1296
1305
1314
1322
1331
1339
1349
1360
1483
1762
2039
2051
2059
2067
2076
2084
2093
2106
2119
2128
2136
2144
2152
2161
2171
2183
2694
2706
2715
2724
2733
2742
2752
2762
2773
2782
2790
2799
2808
2818
2831
3269
3376
3388
3396
3405
3415
3427
3437
3447
3455
3464
3473
3483
3502
3956
3970
3981
3989
3998
4008
4016
4026
4037
4050
4062
4072
4081
4089
4098
4106
4115
4124
4135
4164
4912
4931
4943
4953
4962
4971
4981
4993
5006
5017
5026
5035
5043
5052
5062
5083
5207
5276
5314
5597
5613
5626
5637
5646
5656
5668
5683
5695
5704
5713
5723
5736
5795
6140
6638
6656
6671
6681
6690
6698
6706
6715
6725
6736
6746
6756
6765
6774
6783
6792
6802
6813
6830
7092
7181
7430
7444
7455
7463
7472
7481
7491
7504
7514
7524
7534
7543
7552
7561
7573
7944
7964
7975
7984
7993
8002
8011
8021
8031
8041
8049
8058
8067
8078
8096
8137